4495
5006
1826
5443
2656
5033
5307
2096
5069
101
327
713
5513
9339
7139
804
2777
1176
5249
1504
324
1468
1220
4034
4186
1487
1148
8137
3903
440
5051
9688
6454
6841
9528
8057
5669
608
5974
7601
7133
3849
7084
8849
3847
2385
704
5695
7737
10
6711
7506
2988
3215
5133
9281
2899
8490
2403
5428
2033
8576
6770
9897
2999
4320
4432
7516
6099
6319
6015
7723
9647
3581
2748
6470
7363
895
5828
7536
2294
4824
1841
1808
1794
4923
2873
7037
2376
7216
9704
4448
6211
3266
1700
5531
4188
1445
3265
6082
1008
7517
8509
3784
419
4170
1011
4032
3379
8692
9345
6192
2519
7832
3679
7150
357
7247
1448
3699
5896
929
2166
5811
4932
7325
4651
1004
6419
5873
8568
6683
2529
8303
7869
8938
2034
2287
1844
489
4181
9593
1139
2335
5331
6628
1318
2239
2693
1582
7005
6044
8862
2409
5646
2175
9649
8090
9509
8305
663
4212
7638
7783
7708
8289
5093
9003
777
7344
7636
1211
8469
4871
2674
652
3351
2316
3419
9291
4328
7253
7725
3733
9002
1360
5072
9324
4516
6556
6938
7171
3562
3480
314
5783
1193
4185
6673
9641
2503
1256
1402
7074
8495
1381
9623
3212
1375
9131
1184
8161
3731
2058
8714
3772
4247
5636
5521
2299
3482
9421
4204
6311
3047
2496
1348
6645
2254
7472
9933
5385
4275
6431
2838
8238
7237
8889
7400
8381
2918
5024
6240
1076
5475
3668
5829
3913
4456
9904
2780
9700
6106
2176
633
7156
1365
9487
6321
7604
7235
6820
8844
6203
1336
6849
8966
222
7678
6010
6064
6093
995
6246
643
3844
1138
1269
7945
9181
828
2429
6584
9118
6123
6785
7281
1
3510
3337
3876
4985
5761
2374
867
3694
4506
9490
6279
8460
3717
9986
9238
5356
6801
8154
1681
3146
5359
1127
2906
3740
1746
3953
8581
4528
7800
7398
7804
5067
6593
8924
7849
8811
4437
699
7407
855
5468
2807
8130
5185
6453
8293
6542
7170
7476
6862
2716
657
6046
5309
4613
3363
7292
8713
6950
7956
4873
1469
9022
4973
6882
9996
2031
5336
8254
7831
1069
747
2405
5516
3944
4818
2690
9536
8785
3448
1208
2992
9445
7656
4256
6009
4703
5796
9219
3456
4990
6075
8263
63
5780
4044
402
313
6876
9059
5028
6821
68
3715
3476
3475
5674
2785
3381
5283
7065
7543
2307
6759
2084
4382
6696
1636
1279
3228
8071
3172
2819
7056
2306
8131
6812
432
1142
3533
6974
7550
2363
2499
1679
3793
5362
5440
2709
5464
910
5023
116
4490
4229
6378
7764
8925
1140
2046
8775
2804
8829
56
2148
1511
139
784
308
7169
7818
4842
1989
5195
484
9960
9084
3232
9977
7076
5159
4172
712
3332
5151
9471
3571
6417
5191
8434
5969
6737
3017
9502
3249
5032
5975
4575
3500
3530
5256
8529
5096
2201
8011
7494
901
3405
6284
4017
8822
1440
9672
6427
2530
227
8802
1751
8832
9104
9033
8392
7888
2073
52
6053
4330
120
4892
3591
5964
8299
3102
8331
2798
1471
7578
4312
2922
5174
9194
3691
2797
1299
778
3837
9830
6491
6236
2839
6866
3028
240
2951
364
2653
5572
6611
2214
9400
9338
7029
132
9337
5196
7077
9513
9277
502
5325
4271
1525
1896
478
4072
692
3636
7777
1931
3220
1233
1370
211
9268
2037
9478
23
5937
7521
319
3127
2986
5285
2282
8737
5668
9427
1144
9719
5852
2903
1421
2445
6544
9298
8652
897
1334
6386
5347
5624
6043
2322
1235
2413
5574
9160
7997
8348
53
1618
2969
5665
9989
2542
9607
4980
8499
2160
2609
9720
3688
2468
3036
1373
6675
8311
4599
7039
9532
3141
834
5898
6693
3447
886
2751
6707
3402
8739
9364
5727
9961
5265
3238
7443
5599
534
870
9392
6881
7668
6261
4499
7851
943
5681
3935
4704
9091
5793
2677
3560
3683
508
4698
3395
3442
5481
8884
9617
8546
973
6094
8116
316
3362
8103
9775
7787
6354
8196
6134
6615
7343
4395
3254
2711
7295
4441
2422
7415
9076
7970
8896
499
8423
8341
9842
3712
2367
8197
4831
4446
6639
7939
7712
5909
5844
5916
1632
6814
8825
6825
1718
2567
1734
5845
8282
2730
6856
2547
9731
1498
2888
2505
4865
9087
1361
8651
9919
7744
8874
4623
1543
9279
7260
9979
7069
6858
3061
220
4322
3309
4391
7645
1096
2841
9534
9147
9895
6307
9067
6306
5751
7903
9141
9169
5326
1941
3572
5649
3125
6353
8043
6149
5914
7467
9899
5437
651
8767
8144
6724
7825
8398
7356
8736
8134
5540
1194
3535
5372
7865
4487
5560
7504
6335
3498
2238
7320
8904
1563
666
510
1346
8620
5425
6577
3637
2591
7940
5576
3277
7924
4551
9393
8316
7950
6697
8617
4900
2056
1541
3583
1850
4960
2800
7660
4389
591
805
7127
7923
3704
5489
1268
1052
8413
2739
9316
9863
2543
1499
8012
2783
9410
8301
3732
9926
7767
6897
1664
1267
7745
1568
6145
7755
6641
5343
9563
3216
2451
1470
7941
2119
7455
4124
872
7694
947
6595
1651
8726
2935
1740
1912
1324
3934
4513
9450
2093
718
6150
1687
4863
7450
2862
2470
8627
8027
5855
6464
9243
2809
5061
5288
9161
9694
7951
8826
1942
9673
2349
7034
2960
787
4744
1118
8097
4731
7776
1774
5960
6410
9205
8787
1560
177
8669
2897
7369
3385
8374
8807
4287
9357
6230
4163
8001
4293
99
8126
8332
1645
5837
3478
9376
2792
7377
7008
6302
4840
9856
4679
8593
7462
8723
8534
1304
7756
6376
5622
9924
434
4283
2812
3485
5537
1309
7895
4111
4975
7769
8935
8230
58
78
3872
4489
3460
3693
1596
5951
4321
496
3526
3891
6235
6416
2259
1668
2420
6608
7962
8782
5790
5315
9467
6071
1343
1492
7854
9206
8002
5645
9785
2926
4301
5279
9701
2014
3190
9638
7426
7043
5919
5009
5144
7
1732
1622
4963
9825
5503
8900
3842
4122
501
1455
1743
8431
