48203
13622
39444
23442
35366
42244
38934
37069
25323
46653
35871
13997
29708
11840
25427
43299
6602
26655
7230
45567
17027
28520
40473
12614
31889
1032
7287
13173
3156
47937
14734
3984
29677
43691
15901
49645
8920
4780
30720
44658
37272
22710
21581
30872
28663
45222
16777
37260
31506
1572
38619
4920
28799
27772
39731
16603
34755
26121
42104
40047
33546
31748
32499
42108
297
16845
45246
29614
32400
19873
42629
1886
4117
26541
7671
29207
933
985
7064
19210
47403
30115
33166
2394
37523
28764
13110
44504
9856
23346
24120
2262
40265
2842
48748
25657
9144
40896
27069
18601
1731
34968
4963
47405
654
47291
27351
7433
47126
22982
28282
26382
36271
23957
35085
12984
11429
49762
26596
48561
42566
26510
38153
12454
2943
33875
34934
10425
37765
17689
6695
34813
29401
38196
49337
46949
42112
40134
31865
25898
2487
2964
31447
547
47046
46849
5987
33900
30882
37473
46766
30518
46628
28281
22629
21997
1140
47201
20962
3153
81
40184
16655
3953
45970
26691
48591
18201
21574
32422
28880
12415
18034
29554
30087
78
34333
31363
10293
37317
26977
46656
22353
41775
1926
14809
18808
21891
16507
46998
32231
41550
9788
41652
1027
28306
20017
49280
46150
11137
15949
40874
46669
44695
31452
45738
6835
6045
9983
26444
11681
18981
8348
11705
24972
49867
32974
2314
23887
26355
19448
35886
14774
40670
10718
12707
48193
41160
25131
41864
17878
27163
49941
20215
15159
5661
48329
12145
6190
11321
18576
1871
37915
2613
6956
26917
17332
4365
49840
11801
34262
40597
48287
12220
34627
21378
11228
41405
41819
37884
45837
4622
29156
34276
27123
20792
31962
18933
39849
41600
48996
25447
6091
19727
15887
30677
6430
37079
33889
22887
11810
12974
31360
31179
22534
27188
21044
28797
36526
35867
11542
5409
15312
7030
39794
16620
48939
13051
28518
24121
19642
17397
3439
41380
17263
13313
23048
30509
30901
44009
33631
32264
7677
17422
7862
17114
26039
31471
16887
24815
47902
4452
41542
1716
16779
5903
32926
46543
49371
21635
24857
2412
27261
31689
48069
35135
40048
35028
8070
22301
35100
16805
37642
20322
3301
35961
45444
40807
26749
21765
42510
14979
18209
19916
46713
19426
22743
49512
16276
33361
32446
15893
8561
25234
29040
8614
4172
24599
35798
35681
36218
48474
32731
14693
7455
30221
26903
5152
21519
15338
21625
45878
5134
43656
6565
48546
10077
14685
35396
4575
30259
28019
33480
15023
8730
35175
17007
14194
8874
5186
40364
33519
2836
32181
40546
31985
10704
32292
8359
2852
41410
16686
7232
30191
458
27547
49776
3914
16312
705
18004
49053
24729
44550
75
49065
8246
13777
39626
27799
23151
15852
12018
48373
28602
17803
18137
47272
34096
20492
36358
16434
28498
7239
43434
15439
16306
32896
27687
25165
46245
40067
28566
3273
14387
18152
22954
3906
27455
41848
2468
33569
3396
24538
22317
27191
4202
23165
41919
17285
19805
46260
346
44536
13155
48269
20733
33561
40694
30166
20894
352
6786
5337
9059
28373
16967
39931
17636
34896
28837
28195
20859
14556
31532
37306
24963
17197
27486
581
29217
29543
18405
23064
31745
47298
39759
32735
42685
1189
23413
44358
44359
8379
34263
24740
25176
42541
6868
12464
25652
18929
25303
5701
9448
34707
6664
21983
3170
14741
29957
44574
6492
7597
14510
23893
2592
10312
26780
4774
35209
8792
22449
1044
8695
12883
1835
43550
1690
21509
8104
34821
15350
16422
45521
25837
1218
30787
7290
2913
16281
3786
11074
8627
4644
6345
5547
21534
40739
34000
9790
29202
14460
39863
44694
16216
35612
49946
24899
21189
30217
17519
35883
49890
29767
3173
34
24423
18718
2770
5210
740
10851
23741
447
32093
41470
49827
31627
41786
32474
31121
49948
32156
6118
41043
41462
30565
16614
36303
2247
20132
37140
45297
18441
16220
15680
24198
41425
48878
16811
31074
33153
13111
848
48014
33323
34658
49164
19290
6937
34916
47252
20047
4143
26768
27740
1321
12079
26034
6574
709
46385
21037
41897
35692
39641
3215
21832
38714
21430
42347
6442
5477
42687
38007
24169
38197
13117
43225
35096
45311
39682
811
12147
9267
45305
44850
24076
33510
45358
46548
41294
48401
32285
36698
6875
12558
20175
18789
39058
5160
5992
24491
46677
48521
48679
3611
34994
3475
26056
13519
19015
4960
4763
24745
39860
40766
24670
22793
24015
47704
36322
32375
26720
18522
14308
23790
33812
46475
30854
7813
19937
24976
35610
45638
46380
21801
44017
3324
9544
8868
35577
32296
43583
16919
37643
25842
31509
34548
9441
38209
32720
26435
10165
11489
27277
35503
47635
14566
38747
42118
33652
10707
3595
23509
24818
40577
11670
42930
20508
10823
48109
40258
33724
42122
15618
37431
38498
37462
6657
26571
36784
157
41795
24319
39788
35955
37923
29715
15611
47299
40505
42769
48969
40073
28941
26733
38467
29384
41081
42238
34849
45508
41072
31752
25398
37413
18850
6751
45366
20357
10794
22706
3841
40781
28922
49107
43996
11545
22737
22145
48427
25641
28717
14153
28671
18109
44471
30631
43620
27567
40019
47765
8629
5027
39895
3477
39841
5747
43295
11262
10169
31968
26364
17664
28483
30580
30725
42165
45162
26809
521
29531
46725
37848
30841
31655
16582
39412
42851
44653
34076
37343
18318
28348
6228
15254
2563
49423
22287
16604
6999
35682
16569
14026
8173
33159
20315
4736
43329
36278
42367
3978
39293
26919
9902
15479
3184
14562
39949
5580
12992
12411
49240
28952
33122
41778
47370
42719
8496
45781
4251
31871
16962
10261
42017
19132
46643
1627
28391
4322
7255
31482
32554
47528
10598
31731
35839
43814
46976
47882
1733
38044
11098
45587
5651
24146
45003
12518
37707
26400
34677
10085
39130
1299
12067
15827
48682
9437
4645
11079
6368
36328
43379
17523
1511
32485
9968
32354
41609
44025
38509
38723
34160
33635
4442
13518
46029
10579
10383
42079
11523
23027
4030
24699
26075
38420
36262
12651
27082
23878
17658
20087
14062
8661
44445
18185
24953
2082
41925
40163
32142
4280
40683
43573
42922
28897
21320
12914
43502
49269
30856
18592
35379
22286
19604
49719
2494
10343
39998
36212
16847
41217
10753
6983
9515
25439
19712
8894
39349
43058
45165
7953
48152
24811
41280
34613
37502
41746
