1652
4294
4216
406
3048
2913
2951
154
9608
6508
8197
8230
4181
9512
2681
4118
9826
2185
9539
2614
8024
9642
9724
5354
7871
3493
9956
3475
1161
1018
2622
9590
1712
4269
215
9354
9558
9577
1725
8031
3483
4470
8638
5798
9980
3429
9196
6418
422
9528
3955
5788
1027
7990
2215
527
1152
9208
7289
7209
7196
3568
6619
4784
9182
7434
1714
7607
8105
667
1022
2812
4217
4666
4763
287
352
9193
4419
359
8063
6660
2241
1819
6261
7994
9987
8351
1760
6815
3111
9954
8895
2603
9931
4226
5543
2569
5461
6328
8549
781
1185
9629
9387
8813
7898
494
1313
7472
5723
5875
2636
3039
8741
4314
9618
8811
9496
1258
7626
8712
1016
4164
8165
5394
8955
6130
2063
1517
7008
1410
8626
8527
753
7013
4766
9803
738
3500
604
8342
1467
6417
3904
8990
2099
3372
7021
2701
8663
8438
6405
8049
8249
8799
104
7260
801
1591
5226
8764
8155
2813
1464
3341
6817
1457
5483
2986
5019
6655
7749
9813
82
4320
2396
7225
9824
1182
5685
8603
2740
7840
5390
990
7901
4059
2454
8356
9487
5058
1925
2929
4170
6493
3647
3745
1144
240
6773
2742
7911
2984
9679
4009
7340
7906
8404
1450
3453
4108
3773
7254
8845
436
2073
7054
4133
2170
3969
8232
448
5118
6930
6215
75
7023
9970
1172
1763
2235
5165
4706
4286
2189
2097
3538
5196
5344
3758
3713
2659
5514
8062
9638
4535
9322
7649
1920
7646
353
3668
8974
9639
342
821
9424
1575
8954
8730
1367
8820
2426
6475
5533
7065
3473
2811
1278
563
8055
2723
9989
7427
9915
5015
8734
1870
138
7508
4146
6272
3333
1046
182
4440
5133
5837
4782
2760
758
8859
9750
6925
5492
4434
7488
1248
697
950
2410
5754
1894
3414
9121
271
8999
760
8594
8099
7417
6694
6793
3254
3456
5825
9131
4561
2233
7051
8396
6213
676
8295
688
916
6687
2952
5856
6726
7970
6938
4914
4542
5497
9243
8736
8181
3570
0
8616
3067
8885
6060
7211
7002
9255
3390
5272
829
6196
8386
2606
8557
7952
9676
3906
9089
874
2643
4077
9157
2081
2230
9578
3614
6380
3249
4093
2963
9292
5925
336
2506
3234
2646
6201
5525
187
831
2068
4106
1377
1053
8665
9994
2107
6008
4918
5413
825
7367
8662
5033
4346
9022
695
4248
6722
5402
2655
3692
5208
4584
5932
5702
5900
1255
9509
1217
4473
7095
5651
4693
2638
9613
5906
8612
1086
3127
7381
1380
9690
628
5985
2218
971
1441
1233
1836
8659
1551
6362
2933
9821
7253
3276
2562
1590
3136
6802
8780
7308
5602
2869
6624
6919
6757
8452
7259
9417
7327
2805
9547
1762
7256
1827
479
2917
4322
8429
1375
8801
8126
1484
6521
2880
8899
1345
4604
876
555
7273
9837
6246
8695
503
1554
5316
2025
1267
7335
7239
7200
7957
4053
5863
4834
5590
9486
2406
9610
7094
1842
3790
2182
2183
159
4090
9774
9649
4394
6092
250
899
1235
2864
8211
4160
6944
8745
1731
230
3268
2115
1588
5482
2494
2689
8729
7157
4420
510
5645
1657
8399
7233
3271
6537
5298
1922
478
5979
8236
4764
7294
9260
1807
1818
8555
8340
7364
3369
937
6506
7438
1701
4819
9477
3796
5969
4587
2618
1389
7741
6278
2022
1863
4406
6927
181
7985
2292
33
262
9396
5846
8477
4469
7460
8202
5549
5774
4777
7064
437
2716
7528
2768
5303
3709
6964
8789
2582
2575
9798
2722
4907
4631
1252
9540
4323
1885
4312
4052
1999
2948
6723
9364
3664
3118
8176
7700
3088
9195
7548
1892
6330
1641
7337
49
8792
8423
1338
5595
5471
2104
670
2772
2549
5384
1565
4989
3224
4739
9851
3767
8315
5750
9758
8334
6894
8920
3197
7057
6803
1125
5264
8164
5267
8698
6392
9355
6229
7025
6421
5434
9092
9920
2561
927
7551
4733
8923
1245
4413
476
777
4151
6850
2849
7159
2863
5072
1589
5159
1029
19
9002
529
9425
102
6668
5149
2304
8902
6908
2093
341
6459
5501
2149
1890
6455
7083
1436
9966
8081
9859
9314
3588
7
9653
4751
2865
8100
8250
1143
907
3648
371
60
9479
7927
8240
1170
8074
6504
1486
9313
7087
5168
9999
6390
9091
7037
5123
9444
1899
784
3272
4178
6219
7507
4326
6630
208
3599
3589
8718
3751
1682
4064
6266
99
8759
2239
6818
7965
2626
7758
5998
6539
5778
8188
4010
4635
4502
9567
3872
4905
4311
9278
4057
2340
6004
6844
5746
2145
9221
5546
6319
6910
9554
9458
4839
6144
6209
620
2770
955
1699
6158
9268
1865
3241
6791
9945
194
5913
6233
812
5430
5635
858
5014
9671
2824
7380
9284
9833
9071
8627
6365
2615
5346
5162
2272
5574
6141
202
5586
7060
8690
3243
2135
6125
3870
4348
8838
9900
6526
7621
815
495
4496
2021
709
4083
4316
7050
926
8843
1002
6490
1471
2223
9440
1805
904
8117
1159
8834
1917
8407
8186
789
2217
6217
6937
5531
9389
8132
576
3803
120
5614
2692
260
4296
588
4124
4742
1499
8101
472
1044
9015
6743
7559
3813
9846
1259
613
2380
5073
4199
8551
7252
8717
199
8614
6975
3089
1497
124
4068
1900
2953
9650
8696
1216
5095
4103
4807
6540
196
8011
8701
977
7643
1676
2456
5672
8888
8760
6947
4095
6366
9742
6579
8323
8350
1815
4971
1465
6784
3365
2188
9552
11
8670
4789
6291
4168
3225
2789
1220
6960
9324
5315
5254
5941
6147
3970
4191
7499
4791
5868
5512
545
6485
4977
2432
3312
2116
9409
5087
4480
1305
1060
2433
1824
1692
3504
2290
7844
8116
6186
5107
3154
5939
5440
3141
3464
4866
960
4460
3738
733
3999
8355
5054
4796
9247
3305
9791
3213
3926
4874
7729
5397
9299
4235
9270
3939
1317
2946
157
8285
4852
2282
9718
609
8891
9583
9219
5180
8980
7362
7501
5988
9500
7932
1406
9199
4719
1298
6974
